1 20 7 60
2 20 7 60
3 20 7 60
4 20 7 60
5 20 7 60
6 20 7 60
7 20 7 60
8 20 7 60
9 20 7 60
10 20 7 60
11 20 7 60
12 20 7 60
13 20 7 60
14 20 7 60
15 20 7 60
16 20 7 60
17 20 7 60
18 20 7 60
19 20 7 60
20 20 7 60
21 20 7 60
22 20 7 60
23 20 7 60
24 20 7 60
25 20 7 60
26 20 7 60
27 20 7 60
28 20 7 60
29 20 7 60
30 20 7 60
31 20 7 60
32 20 7 60
33 20 7 60
34 20 7 60
35 20 7 60
36 20 7 60
37 20 7 60
38 20 7 60
39 20 7 60
40 20 7 60
41 20 7 60
42 20 7 60
43 20 7 60
44 20 7 60
45 20 7 60
46 20 7 60
47 20 7 60
48 20 7 60
49 20 7 60
50 20 7 60
51 20 7 60
52 20 7 60
53 20 7 60
54 20 7 60
55 20 7 60
56 20 7 60
57 20 7 60
58 20 7 60
59 20 7 60
60 20 7 60
61 20 7 60
62 20 7 60
63 20 7 60
64 20 7 60
65 20 7 60
66 20 7 60
67 20 7 60
68 20 7 60
69 20 7 60
70 20 7 60
71 20 7 60
72 20 7 60
73 20 7 60
74 20 7 60
75 20 7 60
76 20 7 60
77 20 7 60
78 20 7 60
79 20 7 60
80 20 7 60
81 20 7 60
82 20 7 60
83 20 7 60
84 20 7 60
85 20 7 60
86 20 7 60
87 20 7 60
88 20 7 60
89 20 7 60
90 20 7 60
91 20 7 60
92 20 7 60
93 20 7 60
94 20 7 60
95 20 7 60
96 20 7 60
97 20 7 60
98 20 7 60
99 20 7 60
100 20 7 60
101 20 7 60
102 20 7 60
103 20 7 60
104 20 7 60
105 20 7 60
106 20 7 60
107 20 7 60
108 20 7 60
109 20 7 60
110 20 7 60
111 20 7 60
112 20 7 60
113 20 7 60
114 20 7 60
115 20 7 60
116 20 7 60
117 20 7 60
118 20 7 60
119 20 7 60
120 20 7 60
121 20 7 60
122 20 7 60
123 20 7 60
124 20 7 60
125 20 7 60
126 20 7 60
127 20 7 60
128 20 7 60
129 20 7 60
130 20 7 60
131 20 7 60
132 20 7 60
133 20 7 60
134 20 7 60
135 20 7 60
136 20 7 60
137 20 7 60
138 20 7 60
139 20 7 60
140 20 7 60
141 20 7 60
142 20 7 60
143 20 7 60
144 20 7 60
145 20 7 60
146 20 7 60
147 20 7 60
148 20 7 60
149 20 7 60
150 20 7 60
151 20 7 60
152 20 7 60
153 20 7 60
154 20 7 60
155 20 7 60
156 20 7 60
157 20 7 60
158 20 7 60
159 20 7 60
160 20 7 60
161 20 7 60
162 20 7 60
163 20 7 60
164 20 7 60
165 20 7 60
166 20 7 60
167 20 7 60
168 20 7 60
169 20 7 60
170 20 7 60
171 20 7 60
172 20 7 60
173 20 7 60
174 20 7 60
175 20 7 60
176 20 7 60
177 20 7 60
178 20 7 60
179 20 7 60
180 20 7 60
181 20 7 40
182 20 7 40
183 20 7 40
184 20 7 40
185 20 7 40
186 20 7 40
187 20 7 40
188 20 7 40
189 20 7 40
190 20 7 40
191 20 7 40
192 20 7 40
193 20 7 40
194 20 7 40
195 20 7 40
196 20 7 40
197 20 7 40
198 20 7 40
199 20 7 40
200 20 7 40
201 20 7 40
202 20 7 40
203 20 7 40
204 20 7 40
205 20 7 40
206 20 7 40
207 20 7 40
208 20 7 40
209 20 7 40
210 20 7 40
211 20 7 40
212 20 7 40
213 20 7 40
214 20 7 40
215 20 7 40
216 20 7 40
217 20 7 40
218 20 7 40
219 20 7 40
220 20 7 40
221 20 7 40
222 20 7 40
223 20 7 40
224 20 7 40
225 20 7 40
226 20 7 40
227 20 7 40
228 20 7 40
229 20 7 40
230 20 7 40
231 20 7 40
232 20 7 40
233 20 7 40
234 20 7 40
235 20 7 40
236 20 7 40
237 20 7 40
238 20 7 40
239 20 7 40
240 20 7 40
241 20 7 40
242 20 7 40
243 20 7 40
244 20 7 40
245 20 7 40
246 20 7 40
247 20 7 40
248 20 7 40
249 20 7 40
250 20 7 40
251 20 7 40
252 20 7 40
253 20 7 40
254 20 7 40
255 20 7 40
256 20 7 40
257 20 7 40
258 20 7 40
259 20 7 40
260 20 7 40
261 20 7 40
262 20 7 40
263 20 7 40
264 20 7 40
265 20 7 40
266 20 7 40
267 20 7 40
268 20 7 40
269 20 7 40
270 20 7 40
271 20 7 40
272 20 7 40
273 20 7 40
274 20 7 40
275 20 7 40
276 20 7 40
277 20 7 40
278 20 7 40
279 20 7 40
280 20 7 40
281 20 7 40
282 20 7 40
283 20 7 40
284 20 7 40
285 20 7 40
286 20 7 40
287 20 7 40
288 20 7 40
289 20 7 40
290 20 7 40
291 20 7 40
292 20 7 40
293 20 7 40
294 20 7 40
295 20 7 40
296 20 7 40
297 20 7 40
298 20 7 40
299 20 7 40
300 20 7 40
301 20 7 40
302 20 7 40
303 20 7 40
304 20 7 40
305 20 7 40
306 20 7 40
307 20 7 40
308 20 7 40
309 20 7 40
310 20 7 40
311 20 7 40
312 20 7 40
313 20 7 40
314 20 7 40
315 20 7 40
316 20 7 40
317 20 7 40
318 20 7 40
319 20 7 40
320 20 7 40
321 20 7 40
322 20 7 40
323 20 7 40
324 20 7 40
325 20 7 40
326 20 7 40
327 20 7 40
328 20 7 40
329 20 7 40
330 20 7 40
331 20 7 40
332 20 7 40
333 20 7 40
334 20 7 40
335 20 7 40
336 20 7 40
337 20 7 40
338 20 7 40
339 20 7 40
340 20 7 40
341 20 7 40
342 20 7 40
343 20 7 40
344 20 7 40
345 20 7 40
346 20 7 40
347 20 7 40
348 20 7 40
349 20 7 40
350 20 7 40
351 20 7 40
352 20 7 40
353 20 7 40
354 20 7 40
355 20 7 40
356 20 7 40
357 20 7 40
358 20 7 40
359 20 7 40
360 20 7 40
361 20 7 40
362 20 7 40
363 20 7 40
364 20 7 40
365 20 7 40
366 20 7 40
367 20 7 40
368 20 7 40
369 20 7 40
370 20 7 40
371 20 7 40
372 20 7 40
373 20 7 40
374 20 7 40
375 20 7 40
376 20 7 40
377 20 7 40
378 20 7 40
379 20 7 40
380 20 7 40
381 20 7 40
382 20 7 40
383 20 7 40
384 20 7 40
385 20 7 40
386 20 7 40
387 20 7 40
388 20 7 40
389 20 7 40
390 20 7 40
391 20 7 40
392 20 7 40
393 20 7 40
394 20 7 40
395 20 7 40
396 20 7 40
397 20 7 40
398 20 7 40
399 20 7 40
400 20 7 40
401 20 7 40
402 20 7 40
403 20 7 40
404 20 7 40
405 20 7 40
406 20 7 40
407 20 7 40
408 20 7 40
409 20 7 40
410 20 7 40
411 20 7 40
412 20 7 40
413 20 7 40
414 20 7 40
415 20 7 40
416 20 7 40
417 20 7 40
418 20 7 40
419 20 7 40
420 20 7 40
421 20 7 40
422 20 7 40
423 20 7 40
424 20 7 40
425 20 7 40
426 20 7 40
427 20 7 40
428 20 7 40
429 20 7 40
430 20 7 40
431 20 7 40
432 20 7 40
433 20 7 40
434 20 7 40
435 20 7 40
436 20 7 40
437 20 7 40
438 20 7 40
439 20 7 40
440 20 7 40
441 20 7 40
442 20 7 40
443 20 7 40
444 20 7 40
445 20 7 40
446 20 7 40
447 20 7 40
448 20 7 40
449 20 7 40
450 20 7 40
451 60 7 60
452 60 7 60
453 60 7 60
454 60 7 60
455 60 7 60
456 60 7 60
457 60 7 60
458 60 7 60
459 60 7 60
460 60 7 60
461 60 7 60
462 60 7 60
463 60 7 60
464 60 7 60
465 60 7 60
466 60 7 60
467 60 7 60
468 60 7 60
469 60 7 60
470 60 7 60
471 60 7 60
472 60 7 60
473 60 7 60
474 60 7 60
475 60 7 60
476 60 7 60
477 60 7 60
478 60 7 60
479 60 7 60
480 60 7 60
481 60 7 60
482 60 7 60
483 60 7 60
484 60 7 60
485 60 7 60
486 60 7 60
487 60 7 60
488 60 7 60
489 60 7 60
490 60 7 60
491 60 7 60
492 60 7 60
493 60 7 60
494 60 7 60
495 60 7 60
496 60 7 60
497 60 7 60
498 60 7 60
499 60 7 60
500 60 7 60
501 60 7 60
502 60 7 60
503 60 7 60
504 60 7 60
505 60 7 60
506 60 7 60
507 60 7 60
508 60 7 60
509 60 7 60
510 60 7 60
511 60 7 60
512 60 7 60
513 60 7 60
514 60 7 60
515 60 7 60
516 60 7 60
517 60 7 60
518 60 7 60
519 60 7 60
520 60 7 60
521 60 7 60
522 60 7 60
523 60 7 60
524 60 7 60
525 60 7 60
526 60 7 60
527 60 7 60
528 60 7 60
529 60 7 60
530 60 7 60
531 60 7 60
532 60 7 60
533 60 7 60
534 60 7 60
535 60 7 60
536 60 7 60
537 60 7 60
538 60 7 60
539 60 7 60
540 60 7 60
541 60 7 60
542 60 7 60
543 60 7 60
544 60 7 60
545 60 7 60
546 60 7 60
547 60 7 60
548 60 7 60
549 60 7 60
550 60 7 60
551 60 7 60
552 60 7 60
553 60 7 60
554 60 7 60
555 60 7 60
556 60 7 60
557 60 7 60
558 60 7 60
559 60 7 60
560 60 7 60
561 60 7 60
562 60 7 60
563 60 7 60
564 60 7 60
565 60 7 60
566 60 7 60
567 60 7 60
568 60 7 60
569 60 7 60
570 60 7 60
571 60 7 60
572 60 7 60
573 60 7 60
574 60 7 60
575 60 7 60
576 60 7 60
577 60 7 60
578 60 7 60
579 60 7 60
580 60 7 60
581 60 7 60
582 60 7 60
583 60 7 60
584 60 7 60
585 60 7 60
586 60 7 60
587 60 7 60
588 60 7 60
589 60 7 60
590 60 7 60
591 60 7 60
592 60 7 60
593 60 7 60
594 60 7 60
595 60 7 60
596 60 7 60
597 60 7 60
598 60 7 60
599 60 7 60
600 60 7 60
601 60 7 60
602 60 7 60
603 60 7 60
604 60 7 60
605 60 7 60
606 60 7 60
607 60 7 60
608 60 7 60
609 60 7 60
610 60 7 60
611 60 7 60
612 60 7 60
613 60 7 60
614 60 7 60
615 60 7 60
616 60 7 60
617 60 7 60
618 60 7 60
619 60 7 60
620 60 7 60
621 60 7 60
622 60 7 60
623 60 7 60
624 60 7 60
625 60 7 60
626 60 7 60
627 60 7 60
628 60 7 60
629 60 7 60
630 60 7 60
631 60 7 60
632 60 7 60
633 60 7 60
634 60 7 60
635 60 7 60
636 60 7 60
637 60 7 60
638 60 7 60
639 60 7 60
640 60 7 60
641 60 7 60
642 60 7 60
643 60 7 60
644 60 7 60
645 60 7 60
646 60 7 60
647 60 7 60
648 60 7 60
649 60 7 60
650 60 7 60
651 60 7 60
652 60 7 60
653 60 7 60
654 60 7 60
655 60 7 60
656 60 7 60
657 60 7 60
658 60 7 60
659 60 7 60
660 60 7 60
661 60 7 60
662 60 7 60
663 60 7 60
664 60 7 60
665 60 7 60
666 60 7 60
667 60 7 60
668 60 7 60
669 60 7 60
670 60 7 60
671 60 7 60
672 60 7 60
673 60 7 60
674 60 7 60
675 60 7 60
676 60 7 60
677 60 7 60
678 60 7 60
679 60 7 60
680 60 7 60
681 60 7 60
682 60 7 60
683 60 7 60
684 60 7 60
685 60 7 60
686 60 7 60
687 60 7 60
688 60 7 60
689 60 7 60
690 60 7 60
691 60 7 60
692 60 7 60
693 60 7 60
694 60 7 60
695 60 7 60
696 60 7 60
697 60 7 60
698 60 7 60
699 60 7 60
700 60 7 60
701 60 7 60
702 60 7 60
703 60 7 60
704 60 7 60
705 60 7 60
706 60 7 60
707 60 7 60
708 60 7 60
709 60 7 60
710 60 7 60
711 60 7 60
712 60 7 60
713 60 7 60
714 60 7 60
715 60 7 60
716 60 7 60
717 60 7 60
718 60 7 60
719 60 7 60
720 60 7 60
721 60 7 60
722 60 7 60
723 60 7 60
724 60 7 60
725 60 7 60
726 60 7 60
727 60 7 60
728 60 7 60
729 60 7 60
730 60 7 60
731 60 7 60
732 60 7 60
733 60 7 60
734 60 7 60
735 60 7 60
736 60 7 60
737 60 7 60
738 60 7 60
739 60 7 60
740 60 7 60
741 60 7 60
742 60 7 60
743 60 7 60
744 60 7 60
745 60 7 60
746 60 7 60
747 60 7 60
748 60 7 60
749 60 7 60
750 60 7 60
751 60 7 40
752 60 7 40
753 60 7 40
754 60 7 40
755 60 7 40
756 60 7 40
757 60 7 40
758 60 7 40
759 60 7 40
760 60 7 40
761 60 7 40
762 60 7 40
763 60 7 40
764 60 7 40
765 60 7 40
766 60 7 40
767 60 7 40
768 60 7 40
769 60 7 40
770 60 7 40
771 60 7 40
772 60 7 40
773 60 7 40
774 60 7 40
775 60 7 40
776 60 7 40
777 60 7 40
778 60 7 40
779 60 7 40
780 60 7 40
781 60 7 40
782 60 7 40
783 60 7 40
784 60 7 40
785 60 7 40
786 60 7 40
787 60 7 40
788 60 7 40
789 60 7 40
790 60 7 40
791 60 7 40
792 60 7 40
793 60 7 40
794 60 7 40
795 60 7 40
796 60 7 40
797 60 7 40
798 60 7 40
799 60 7 40
800 60 7 40
801 60 7 40
802 60 7 40
803 60 7 40
804 60 7 40
805 60 7 40
806 60 7 40
807 60 7 40
808 60 7 40
809 60 7 40
810 60 7 40
811 60 7 40
812 60 7 40
813 60 7 40
814 60 7 40
815 60 7 40
816 60 7 40
817 60 7 40
818 60 7 40
819 60 7 40
820 60 7 40
821 60 7 40
822 60 7 40
823 60 7 40
824 60 7 40
825 60 7 40
826 60 7 40
827 60 7 40
828 60 7 40
829 60 7 40
830 60 7 40
831 60 7 40
832 60 7 40
833 60 7 40
834 60 7 40
835 60 7 40
836 60 7 40
837 60 7 40
838 60 7 40
839 60 7 40
840 60 7 40
841 60 7 40
842 60 7 40
843 60 7 40
844 60 7 40
845 60 7 40
846 60 7 40
847 60 7 40
848 60 7 40
849 60 7 40
850 60 7 40
851 60 7 40
852 60 7 40
853 60 7 40
854 60 7 40
855 60 7 40
856 60 7 40
857 60 7 40
858 60 7 40
859 60 7 40
860 60 7 40
861 60 7 40
862 60 7 40
863 60 7 40
864 60 7 40
865 60 7 40
866 60 7 40
867 60 7 40
868 60 7 40
869 60 7 40
870 60 7 40
871 60 7 40
872 60 7 40
873 60 7 40
874 60 7 40
875 60 7 40
876 60 7 40
877 60 7 40
878 60 7 40
879 60 7 40
880 60 7 40
881 60 7 40
882 60 7 40
883 60 7 40
884 60 7 40
885 60 7 40
886 60 7 40
887 60 7 40
888 60 7 40
889 60 7 40
890 60 7 40
891 60 7 40
892 60 7 40
893 60 7 40
894 60 7 40
895 60 7 40
896 60 7 40
897 60 7 40
898 60 7 40
899 60 7 40
900 60 7 40
901 60 7 40
902 60 7 40
903 60 7 40
904 60 7 40
905 60 7 40
906 60 7 40
907 60 7 40
908 60 7 40
909 60 7 40
910 60 7 40
911 60 7 40
912 60 7 40
913 60 7 40
914 60 7 40
915 60 7 40
916 60 7 40
917 60 7 40
918 60 7 40
919 60 7 40
920 60 7 40
921 60 7 40
922 60 7 40
923 60 7 40
924 60 7 40
925 60 7 40
926 60 7 40
927 60 7 40
928 60 7 40
929 60 7 40
930 60 7 40
931 60 7 40
932 60 7 40
933 60 7 40
934 60 7 40
935 60 7 40
936 60 7 40
937 60 7 40
938 60 7 40
939 60 7 40
940 60 7 40
941 60 7 40
942 60 7 40
943 60 7 40
944 60 7 40
945 60 7 40
946 60 7 40
947 60 7 40
948 60 7 40
949 60 7 40
950 60 7 40
951 60 7 40
952 60 7 40
953 60 7 40
954 60 7 40
955 60 7 40
956 60 7 40
957 60 7 40
958 60 7 40
959 60 7 40
960 60 7 40
961 60 7 40
962 60 7 40
963 60 7 40
964 60 7 40
965 60 7 40
966 60 7 40
967 60 7 40
968 60 7 40
969 60 7 40
970 60 7 40
971 60 7 40
972 60 7 40
973 60 7 40
974 60 7 40
975 60 7 40
976 60 7 40
977 60 7 40
978 60 7 40
979 60 7 40
980 60 7 40
981 60 7 40
982 60 7 40
983 60 7 40
984 60 7 40
985 60 7 40
986 60 7 40
987 60 7 40
988 60 7 40
989 60 7 40
990 60 7 40
991 60 7 40
992 60 7 40
993 60 7 40
994 60 7 40
995 60 7 40
996 60 7 40
997 60 7 40
998 60 7 40
999 60 7 40
1000 60 7 40
1001 60 7 40
1002 60 7 40
1003 60 7 40
1004 60 7 40
1005 60 7 40
1006 60 7 40
1007 60 7 40
1008 60 7 40
1009 60 7 40
1010 60 7 40
1011 60 7 40
1012 60 7 40
1013 60 7 40
1014 60 7 40
1015 60 7 40
1016 60 7 40
1017 60 7 40
1018 60 7 40
1019 60 7 40
1020 60 7 40
1021 60 7 40
1022 60 7 40
1023 60 7 40
1024 60 7 40
1025 60 7 40
1026 60 7 40
1027 60 7 40
1028 60 7 40
1029 60 7 40
1030 60 7 40
1031 60 7 40
1032 60 7 40
1033 60 7 40
1034 60 7 40
1035 60 7 40
1036 60 7 40
1037 60 7 40
1038 60 7 40
1039 60 7 40
1040 60 7 40
1041 60 7 40
1042 60 7 40
1043 60 7 40
1044 60 7 40
1045 60 7 40
1046 60 7 40
1047 60 7 40
1048 60 7 40
1049 60 7 40
1050 60 7 40
1051 60 7 40
1052 60 7 40
1053 60 7 40
1054 60 7 40
1055 60 7 40
1056 60 7 40
1057 60 7 40
1058 60 7 40
1059 60 7 40
1060 60 7 40
1061 60 7 40
1062 60 7 40
1063 60 7 40
1064 60 7 40
1065 60 7 40
1066 60 7 40
1067 60 7 40
1068 60 7 40
1069 60 7 40
1070 60 7 40
1071 60 7 40
1072 60 7 40
1073 60 7 40
1074 60 7 40
1075 60 7 40
1076 60 7 40
1077 60 7 40
1078 60 7 40
1079 60 7 40
1080 60 7 40
1081 60 7 40
1082 60 7 40
1083 60 7 40
1084 60 7 40
1085 60 7 40
1086 60 7 40
1087 60 7 40
1088 60 7 40
1089 60 7 40
1090 60 7 40
1091 60 7 40
1092 60 7 40
1093 60 7 40
1094 60 7 40
1095 60 7 40
1096 60 7 40
1097 60 7 40
1098 60 7 40
1099 60 7 40
1100 60 7 40
1101 60 7 40
1102 60 7 40
1103 60 7 40
1104 60 7 40
1105 60 7 40
1106 60 7 40
1107 60 7 40
1108 60 7 40
1109 60 7 40
1110 60 7 40
1111 60 7 40
1112 60 7 40
1113 60 7 40
1114 60 7 40
1115 60 7 40
1116 60 7 40
1117 60 7 40
1118 60 7 40
1119 60 7 40
1120 60 7 40
1121 60 7 40
1122 60 7 40
1123 60 7 40
1124 60 7 40
1125 60 7 40
1126 60 7 40
1127 60 7 40
1128 60 7 40
1129 60 7 40
1130 60 7 40
1131 60 7 40
1132 60 7 40
1133 60 7 40
1134 60 7 40
1135 60 7 40
1136 60 7 40
1137 60 7 40
1138 60 7 40
1139 60 7 40
1140 60 7 40
1141 60 7 40
1142 60 7 40
1143 60 7 40
1144 60 7 40
1145 60 7 40
1146 60 7 40
1147 60 7 40
1148 60 7 40
1149 60 7 40
1150 60 7 40
1151 60 7 40
1152 60 7 40
1153 60 7 40
1154 60 7 40
1155 60 7 40
1156 60 7 40
1157 60 7 40
1158 60 7 40
1159 60 7 40
1160 60 7 40
1161 60 7 40
1162 60 7 40
1163 60 7 40
1164 60 7 40
1165 60 7 40
1166 60 7 40
1167 60 7 40
1168 60 7 40
1169 60 7 40
1170 60 7 40
1171 60 7 40
1172 60 7 40
1173 60 7 40
1174 60 7 40
1175 60 7 40
1176 60 7 40
1177 60 7 40
1178 60 7 40
1179 60 7 40
1180 60 7 40
1181 60 7 40
1182 60 7 40
1183 60 7 40
1184 60 7 40
1185 60 7 40
1186 60 7 40
1187 60 7 40
1188 60 7 40
1189 60 7 40
1190 60 7 40
1191 60 7 40
1192 60 7 40
1193 60 7 40
1194 60 7 40
1195 60 7 40
1196 60 7 40
1197 60 7 40
1198 60 7 40
1199 60 7 40
1200 60 7 40
1201 200 7 60
1202 200 7 60
1203 200 7 60
1204 200 7 60
1205 200 7 60
1206 200 7 60
1207 200 7 60
1208 200 7 60
1209 200 7 60
1210 200 7 60
1211 200 7 60
1212 200 7 60
1213 200 7 60
1214 200 7 60
1215 200 7 60
1216 200 7 60
1217 200 7 60
1218 200 7 60
1219 200 7 60
1220 200 7 60
1221 200 7 60
1222 200 7 60
1223 200 7 60
1224 200 7 60
1225 200 7 60
1226 200 7 60
1227 200 7 60
1228 200 7 60
1229 200 7 60
1230 200 7 60
1231 200 7 60
1232 200 7 60
1233 200 7 60
1234 200 7 60
1235 200 7 60
1236 200 7 60
1237 200 7 60
1238 200 7 60
1239 200 7 60
1240 200 7 60
1241 200 7 60
1242 200 7 60
1243 200 7 60
1244 200 7 60
1245 200 7 60
1246 200 7 60
1247 200 7 60
1248 200 7 60
1249 200 7 60
1250 200 7 60
1251 200 7 60
1252 200 7 60
1253 200 7 60
1254 200 7 60
1255 200 7 60
1256 200 7 60
1257 200 7 60
1258 200 7 60
1259 200 7 60
1260 200 7 60
1261 200 7 60
1262 200 7 60
1263 200 7 60
1264 200 7 60
1265 200 7 60
1266 200 7 60
1267 200 7 60
1268 200 7 60
1269 200 7 60
1270 200 7 60
1271 200 7 60
1272 200 7 60
1273 200 7 60
1274 200 7 60
1275 200 7 60
1276 200 7 60
1277 200 7 60
1278 200 7 60
1279 200 7 60
1280 200 7 60
1281 200 7 60
1282 200 7 60
1283 200 7 60
1284 200 7 60
1285 200 7 60
1286 200 7 60
1287 200 7 60
1288 200 7 60
1289 200 7 60
1290 200 7 60
1291 200 7 60
1292 200 7 60
1293 200 7 60
1294 200 7 60
1295 200 7 60
1296 200 7 60
1297 200 7 60
1298 200 7 60
1299 200 7 60
1300 200 7 60
1301 200 7 60
1302 200 7 60
1303 200 7 60
1304 200 7 60
1305 200 7 60
1306 200 7 60
1307 200 7 60
1308 200 7 60
1309 200 7 60
1310 200 7 60
1311 200 7 60
1312 200 7 60
1313 200 7 60
1314 200 7 60
1315 200 7 60
1316 200 7 60
1317 200 7 60
1318 200 7 60
1319 200 7 60
1320 200 7 60
1321 200 7 40
1322 200 7 40
1323 200 7 40
1324 200 7 40
1325 200 7 40
1326 200 7 40
1327 200 7 40
1328 200 7 40
1329 200 7 40
1330 200 7 40
1331 200 7 40
1332 200 7 40
1333 200 7 40
1334 200 7 40
1335 200 7 40
1336 200 7 40
1337 200 7 40
1338 200 7 40
1339 200 7 40
1340 200 7 40
1341 200 7 40
1342 200 7 40
1343 200 7 40
1344 200 7 40
1345 200 7 40
1346 200 7 40
1347 200 7 40
1348 200 7 40
1349 200 7 40
1350 200 7 40
1351 200 7 40
1352 200 7 40
1353 200 7 40
1354 200 7 40
1355 200 7 40
1356 200 7 40
1357 200 7 40
1358 200 7 40
1359 200 7 40
1360 200 7 40
1361 200 7 40
1362 200 7 40
1363 200 7 40
1364 200 7 40
1365 200 7 40
1366 200 7 40
1367 200 7 40
1368 200 7 40
1369 200 7 40
1370 200 7 40
1371 200 7 40
1372 200 7 40
1373 200 7 40
1374 200 7 40
1375 200 7 40
1376 200 7 40
1377 200 7 40
1378 200 7 40
1379 200 7 40
1380 200 7 40
1381 200 7 40
1382 200 7 40
1383 200 7 40
1384 200 7 40
1385 200 7 40
1386 200 7 40
1387 200 7 40
1388 200 7 40
1389 200 7 40
1390 200 7 40
1391 200 7 40
1392 200 7 40
1393 200 7 40
1394 200 7 40
1395 200 7 40
1396 200 7 40
1397 200 7 40
1398 200 7 40
1399 200 7 40
1400 200 7 40
1401 200 7 40
1402 200 7 40
1403 200 7 40
1404 200 7 40
1405 200 7 40
1406 200 7 40
1407 200 7 40
1408 200 7 40
1409 200 7 40
1410 200 7 40
1411 200 7 40
1412 200 7 40
1413 200 7 40
1414 200 7 40
1415 200 7 40
1416 200 7 40
1417 200 7 40
1418 200 7 40
1419 200 7 40
1420 200 7 40
1421 200 7 40
1422 200 7 40
1423 200 7 40
1424 200 7 40
1425 200 7 40
1426 200 7 40
1427 200 7 40
1428 200 7 40
1429 200 7 40
1430 200 7 40
1431 200 7 40
1432 200 7 40
1433 200 7 40
1434 200 7 40
1435 200 7 40
1436 200 7 40
1437 200 7 40
1438 200 7 40
1439 200 7 40
1440 200 7 40
1441 200 7 40
1442 200 7 40
1443 200 7 40
1444 200 7 40
1445 200 7 40
1446 200 7 40
1447 200 7 40
1448 200 7 40
1449 200 7 40
1450 200 7 40
1451 200 7 40
1452 200 7 40
1453 200 7 40
1454 200 7 40
1455 200 7 40
1456 200 7 40
1457 200 7 40
1458 200 7 40
1459 200 7 40
1460 200 7 40
1461 200 7 40
1462 200 7 40
1463 200 7 40
1464 200 7 40
1465 200 7 40
1466 200 7 40
1467 200 7 40
1468 200 7 40
1469 200 7 40
1470 200 7 40
1471 200 7 40
1472 200 7 40
1473 200 7 40
1474 200 7 40
1475 200 7 40
1476 200 7 40
1477 200 7 40
1478 200 7 40
1479 200 7 40
1480 200 7 40
1481 200 7 40
1482 200 7 40
1483 200 7 40
1484 200 7 40
1485 200 7 40
1486 200 7 40
1487 200 7 40
1488 200 7 40
1489 200 7 40
1490 200 7 40
1491 200 7 40
1492 200 7 40
1493 200 7 40
1494 200 7 40
1495 200 7 40
1496 200 7 40
1497 200 7 40
1498 200 7 40
1499 200 7 40
1500 200 7 40
1501 20 16 60
1502 20 16 60
1503 20 16 60
1504 20 16 60
1505 20 16 60
1506 20 16 60
1507 20 16 60
1508 20 16 60
1509 20 16 60
1510 20 16 60
1511 20 16 60
1512 20 16 60
1513 20 16 60
1514 20 16 60
1515 20 16 60
1516 20 16 60
1517 20 16 60
1518 20 16 60
1519 20 16 60
1520 20 16 60
1521 20 16 60
1522 20 16 60
1523 20 16 60
1524 20 16 60
1525 20 16 60
1526 20 16 60
1527 20 16 60
1528 20 16 60
1529 20 16 60
1530 20 16 60
1531 20 16 60
1532 20 16 60
1533 20 16 60
1534 20 16 60
1535 20 16 60
1536 20 16 60
1537 20 16 60
1538 20 16 60
1539 20 16 60
1540 20 16 60
1541 20 16 60
1542 20 16 60
1543 20 16 60
1544 20 16 60
1545 20 16 60
1546 20 16 60
1547 20 16 60
1548 20 16 60
1549 20 16 60
1550 20 16 60
1551 20 16 60
1552 20 16 60
1553 20 16 60
1554 20 16 60
1555 20 16 60
1556 20 16 60
1557 20 16 60
1558 20 16 60
1559 20 16 60
1560 20 16 60
1561 20 16 60
1562 20 16 60
1563 20 16 60
1564 20 16 60
1565 20 16 60
1566 20 16 60
1567 20 16 60
1568 20 16 60
1569 20 16 60
1570 20 16 60
1571 20 16 60
1572 20 16 60
1573 20 16 60
1574 20 16 60
1575 20 16 60
1576 20 16 60
1577 20 16 60
1578 20 16 60
1579 20 16 60
1580 20 16 60
1581 20 16 60
1582 20 16 60
1583 20 16 60
1584 20 16 60
1585 20 16 60
1586 20 16 60
1587 20 16 60
1588 20 16 60
1589 20 16 60
1590 20 16 60
1591 20 16 60
1592 20 16 60
1593 20 16 60
1594 20 16 60
1595 20 16 60
1596 20 16 60
1597 20 16 60
1598 20 16 60
1599 20 16 60
1600 20 16 60
1601 20 16 60
1602 20 16 60
1603 20 16 60
1604 20 16 60
1605 20 16 60
1606 20 16 60
1607 20 16 60
1608 20 16 60
1609 20 16 40
1610 20 16 40
1611 20 16 40
1612 20 16 40
1613 20 16 40
1614 20 16 40
1615 20 16 40
1616 20 16 40
1617 20 16 40
1618 20 16 40
1619 20 16 40
1620 20 16 40
1621 20 16 40
1622 20 16 40
1623 20 16 40
1624 20 16 40
1625 20 16 40
1626 20 16 40
1627 20 16 40
1628 20 16 40
1629 20 16 40
1630 20 16 40
1631 20 16 40
1632 20 16 40
1633 20 16 40
1634 20 16 40
1635 20 16 40
1636 20 16 40
1637 20 16 40
1638 20 16 40
1639 20 16 40
1640 20 16 40
1641 20 16 40
1642 20 16 40
1643 20 16 40
1644 20 16 40
1645 20 16 40
1646 20 16 40
1647 20 16 40
1648 20 16 40
1649 20 16 40
1650 20 16 40
1651 20 16 40
1652 20 16 40
1653 20 16 40
1654 20 16 40
1655 20 16 40
1656 20 16 40
1657 20 16 40
1658 20 16 40
1659 20 16 40
1660 20 16 40
1661 20 16 40
1662 20 16 40
1663 20 16 40
1664 20 16 40
1665 20 16 40
1666 20 16 40
1667 20 16 40
1668 20 16 40
1669 20 16 40
1670 20 16 40
1671 20 16 40
1672 20 16 40
1673 20 16 40
1674 20 16 40
1675 20 16 40
1676 20 16 40
1677 20 16 40
1678 20 16 40
1679 20 16 40
1680 20 16 40
1681 20 16 40
1682 20 16 40
1683 20 16 40
1684 20 16 40
1685 20 16 40
1686 20 16 40
1687 20 16 40
1688 20 16 40
1689 20 16 40
1690 20 16 40
1691 20 16 40
1692 20 16 40
1693 20 16 40
1694 20 16 40
1695 20 16 40
1696 20 16 40
1697 20 16 40
1698 20 16 40
1699 20 16 40
1700 20 16 40
1701 20 16 40
1702 20 16 40
1703 20 16 40
1704 20 16 40
1705 20 16 40
1706 20 16 40
1707 20 16 40
1708 20 16 40
1709 20 16 40
1710 20 16 40
1711 20 16 40
1712 20 16 40
1713 20 16 40
1714 20 16 40
1715 20 16 40
1716 20 16 40
1717 20 16 40
1718 20 16 40
1719 20 16 40
1720 20 16 40
1721 20 16 40
1722 20 16 40
1723 20 16 40
1724 20 16 40
1725 20 16 40
1726 20 16 40
1727 20 16 40
1728 20 16 40
1729 20 16 40
1730 20 16 40
1731 20 16 40
1732 20 16 40
1733 20 16 40
1734 20 16 40
1735 20 16 40
1736 20 16 40
1737 20 16 40
1738 20 16 40
1739 20 16 40
1740 20 16 40
1741 20 16 40
1742 20 16 40
1743 20 16 40
1744 20 16 40
1745 20 16 40
1746 20 16 40
1747 20 16 40
1748 20 16 40
1749 20 16 40
1750 20 16 40
1751 20 16 40
1752 20 16 40
1753 20 16 40
1754 20 16 40
1755 20 16 40
1756 20 16 40
1757 20 16 40
1758 20 16 40
1759 20 16 40
1760 20 16 40
1761 20 16 40
1762 20 16 40
1763 20 16 40
1764 20 16 40
1765 20 16 40
1766 20 16 40
1767 20 16 40
1768 20 16 40
1769 20 16 40
1770 20 16 40
1771 60 16 60
1772 60 16 60
1773 60 16 60
1774 60 16 60
1775 60 16 60
1776 60 16 60
1777 60 16 60
1778 60 16 60
1779 60 16 60
1780 60 16 60
1781 60 16 60
1782 60 16 60
1783 60 16 60
1784 60 16 60
1785 60 16 60
1786 60 16 60
1787 60 16 60
1788 60 16 60
1789 60 16 60
1790 60 16 60
1791 60 16 60
1792 60 16 60
1793 60 16 60
1794 60 16 60
1795 60 16 60
1796 60 16 60
1797 60 16 60
1798 60 16 60
1799 60 16 60
1800 60 16 60
1801 60 16 60
1802 60 16 60
1803 60 16 60
1804 60 16 60
1805 60 16 60
1806 60 16 60
1807 60 16 60
1808 60 16 60
1809 60 16 60
1810 60 16 60
1811 60 16 60
1812 60 16 60
1813 60 16 60
1814 60 16 60
1815 60 16 60
1816 60 16 60
1817 60 16 60
1818 60 16 60
1819 60 16 60
1820 60 16 60
1821 60 16 60
1822 60 16 60
1823 60 16 60
1824 60 16 60
1825 60 16 60
1826 60 16 60
1827 60 16 60
1828 60 16 60
1829 60 16 60
1830 60 16 60
1831 60 16 60
1832 60 16 60
1833 60 16 60
1834 60 16 60
1835 60 16 60
1836 60 16 60
1837 60 16 60
1838 60 16 60
1839 60 16 60
1840 60 16 60
1841 60 16 60
1842 60 16 60
1843 60 16 60
1844 60 16 60
1845 60 16 60
1846 60 16 60
1847 60 16 60
1848 60 16 60
1849 60 16 60
1850 60 16 60
1851 60 16 60
1852 60 16 60
1853 60 16 60
1854 60 16 60
1855 60 16 60
1856 60 16 60
1857 60 16 60
1858 60 16 60
1859 60 16 60
1860 60 16 60
1861 60 16 60
1862 60 16 60
1863 60 16 60
1864 60 16 60
1865 60 16 60
1866 60 16 60
1867 60 16 60
1868 60 16 60
1869 60 16 60
1870 60 16 60
1871 60 16 60
1872 60 16 60
1873 60 16 60
1874 60 16 60
1875 60 16 60
1876 60 16 60
1877 60 16 60
1878 60 16 60
1879 60 16 60
1880 60 16 60
1881 60 16 60
1882 60 16 60
1883 60 16 60
1884 60 16 60
1885 60 16 60
1886 60 16 60
1887 60 16 60
1888 60 16 60
1889 60 16 60
1890 60 16 60
1891 60 16 60
1892 60 16 60
1893 60 16 60
1894 60 16 60
1895 60 16 60
1896 60 16 60
1897 60 16 60
1898 60 16 60
1899 60 16 60
1900 60 16 60
1901 60 16 60
1902 60 16 60
1903 60 16 60
1904 60 16 60
1905 60 16 60
1906 60 16 60
1907 60 16 60
1908 60 16 60
1909 60 16 60
1910 60 16 60
1911 60 16 60
1912 60 16 60
1913 60 16 60
1914 60 16 60
1915 60 16 60
1916 60 16 60
1917 60 16 60
1918 60 16 60
1919 60 16 60
1920 60 16 60
1921 60 16 60
1922 60 16 60
1923 60 16 60
1924 60 16 60
1925 60 16 60
1926 60 16 60
1927 60 16 60
1928 60 16 60
1929 60 16 60
1930 60 16 60
1931 60 16 60
1932 60 16 60
1933 60 16 60
1934 60 16 60
1935 60 16 60
1936 60 16 60
1937 60 16 60
1938 60 16 60
1939 60 16 60
1940 60 16 60
1941 60 16 60
1942 60 16 60
1943 60 16 60
1944 60 16 60
1945 60 16 60
1946 60 16 60
1947 60 16 60
1948 60 16 60
1949 60 16 60
1950 60 16 60
1951 60 16 40
1952 60 16 40
1953 60 16 40
1954 60 16 40
1955 60 16 40
1956 60 16 40
1957 60 16 40
1958 60 16 40
1959 60 16 40
1960 60 16 40
1961 60 16 40
1962 60 16 40
1963 60 16 40
1964 60 16 40
1965 60 16 40
1966 60 16 40
1967 60 16 40
1968 60 16 40
1969 60 16 40
1970 60 16 40
1971 60 16 40
1972 60 16 40
1973 60 16 40
1974 60 16 40
1975 60 16 40
1976 60 16 40
1977 60 16 40
1978 60 16 40
1979 60 16 40
1980 60 16 40
1981 60 16 40
1982 60 16 40
1983 60 16 40
1984 60 16 40
1985 60 16 40
1986 60 16 40
1987 60 16 40
1988 60 16 40
1989 60 16 40
1990 60 16 40
1991 60 16 40
1992 60 16 40
1993 60 16 40
1994 60 16 40
1995 60 16 40
1996 60 16 40
1997 60 16 40
1998 60 16 40
1999 60 16 40
2000 60 16 40
2001 60 16 40
2002 60 16 40
2003 60 16 40
2004 60 16 40
2005 60 16 40
2006 60 16 40
2007 60 16 40
2008 60 16 40
2009 60 16 40
2010 60 16 40
2011 60 16 40
2012 60 16 40
2013 60 16 40
2014 60 16 40
2015 60 16 40
2016 60 16 40
2017 60 16 40
2018 60 16 40
2019 60 16 40
2020 60 16 40
2021 60 16 40
2022 60 16 40
2023 60 16 40
2024 60 16 40
2025 60 16 40
2026 60 16 40
2027 60 16 40
2028 60 16 40
2029 60 16 40
2030 60 16 40
2031 60 16 40
2032 60 16 40
2033 60 16 40
2034 60 16 40
2035 60 16 40
2036 60 16 40
2037 60 16 40
2038 60 16 40
2039 60 16 40
2040 60 16 40
2041 60 16 40
2042 60 16 40
2043 60 16 40
2044 60 16 40
2045 60 16 40
2046 60 16 40
2047 60 16 40
2048 60 16 40
2049 60 16 40
2050 60 16 40
2051 60 16 40
2052 60 16 40
2053 60 16 40
2054 60 16 40
2055 60 16 40
2056 60 16 40
2057 60 16 40
2058 60 16 40
2059 60 16 40
2060 60 16 40
2061 60 16 40
2062 60 16 40
2063 60 16 40
2064 60 16 40
2065 60 16 40
2066 60 16 40
2067 60 16 40
2068 60 16 40
2069 60 16 40
2070 60 16 40
2071 60 16 40
2072 60 16 40
2073 60 16 40
2074 60 16 40
2075 60 16 40
2076 60 16 40
2077 60 16 40
2078 60 16 40
2079 60 16 40
2080 60 16 40
2081 60 16 40
2082 60 16 40
2083 60 16 40
2084 60 16 40
2085 60 16 40
2086 60 16 40
2087 60 16 40
2088 60 16 40
2089 60 16 40
2090 60 16 40
2091 60 16 40
2092 60 16 40
2093 60 16 40
2094 60 16 40
2095 60 16 40
2096 60 16 40
2097 60 16 40
2098 60 16 40
2099 60 16 40
2100 60 16 40
2101 60 16 40
2102 60 16 40
2103 60 16 40
2104 60 16 40
2105 60 16 40
2106 60 16 40
2107 60 16 40
2108 60 16 40
2109 60 16 40
2110 60 16 40
2111 60 16 40
2112 60 16 40
2113 60 16 40
2114 60 16 40
2115 60 16 40
2116 60 16 40
2117 60 16 40
2118 60 16 40
2119 60 16 40
2120 60 16 40
2121 60 16 40
2122 60 16 40
2123 60 16 40
2124 60 16 40
2125 60 16 40
2126 60 16 40
2127 60 16 40
2128 60 16 40
2129 60 16 40
2130 60 16 40
2131 60 16 40
2132 60 16 40
2133 60 16 40
2134 60 16 40
2135 60 16 40
2136 60 16 40
2137 60 16 40
2138 60 16 40
2139 60 16 40
2140 60 16 40
2141 60 16 40
2142 60 16 40
2143 60 16 40
2144 60 16 40
2145 60 16 40
2146 60 16 40
2147 60 16 40
2148 60 16 40
2149 60 16 40
2150 60 16 40
2151 60 16 40
2152 60 16 40
2153 60 16 40
2154 60 16 40
2155 60 16 40
2156 60 16 40
2157 60 16 40
2158 60 16 40
2159 60 16 40
2160 60 16 40
2161 60 16 40
2162 60 16 40
2163 60 16 40
2164 60 16 40
2165 60 16 40
2166 60 16 40
2167 60 16 40
2168 60 16 40
2169 60 16 40
2170 60 16 40
2171 60 16 40
2172 60 16 40
2173 60 16 40
2174 60 16 40
2175 60 16 40
2176 60 16 40
2177 60 16 40
2178 60 16 40
2179 60 16 40
2180 60 16 40
2181 60 16 40
2182 60 16 40
2183 60 16 40
2184 60 16 40
2185 60 16 40
2186 60 16 40
2187 60 16 40
2188 60 16 40
2189 60 16 40
2190 60 16 40
2191 60 16 40
2192 60 16 40
2193 60 16 40
2194 60 16 40
2195 60 16 40
2196 60 16 40
2197 60 16 40
2198 60 16 40
2199 60 16 40
2200 60 16 40
2201 60 16 40
2202 60 16 40
2203 60 16 40
2204 60 16 40
2205 60 16 40
2206 60 16 40
2207 60 16 40
2208 60 16 40
2209 60 16 40
2210 60 16 40
2211 60 16 40
2212 60 16 40
2213 60 16 40
2214 60 16 40
2215 60 16 40
2216 60 16 40
2217 60 16 40
2218 60 16 40
2219 60 16 40
2220 60 16 40
2221 200 16 60
2222 200 16 60
2223 200 16 60
2224 200 16 60
2225 200 16 60
2226 200 16 60
2227 200 16 60
2228 200 16 60
2229 200 16 60
2230 200 16 60
2231 200 16 60
2232 200 16 60
2233 200 16 60
2234 200 16 60
2235 200 16 60
2236 200 16 60
2237 200 16 60
2238 200 16 60
2239 200 16 60
2240 200 16 60
2241 200 16 60
2242 200 16 60
2243 200 16 60
2244 200 16 60
2245 200 16 60
2246 200 16 60
2247 200 16 60
2248 200 16 60
2249 200 16 60
2250 200 16 60
2251 200 16 60
2252 200 16 60
2253 200 16 60
2254 200 16 60
2255 200 16 60
2256 200 16 60
2257 200 16 60
2258 200 16 60
2259 200 16 60
2260 200 16 60
2261 200 16 60
2262 200 16 60
2263 200 16 60
2264 200 16 60
2265 200 16 60
2266 200 16 60
2267 200 16 60
2268 200 16 60
2269 200 16 60
2270 200 16 60
2271 200 16 60
2272 200 16 60
2273 200 16 60
2274 200 16 60
2275 200 16 60
2276 200 16 60
2277 200 16 60
2278 200 16 60
2279 200 16 60
2280 200 16 60
2281 200 16 60
2282 200 16 60
2283 200 16 60
2284 200 16 60
2285 200 16 60
2286 200 16 60
2287 200 16 60
2288 200 16 60
2289 200 16 60
2290 200 16 60
2291 200 16 60
2292 200 16 60
2293 200 16 40
2294 200 16 40
2295 200 16 40
2296 200 16 40
2297 200 16 40
2298 200 16 40
2299 200 16 40
2300 200 16 40
2301 200 16 40
2302 200 16 40
2303 200 16 40
2304 200 16 40
2305 200 16 40
2306 200 16 40
2307 200 16 40
2308 200 16 40
2309 200 16 40
2310 200 16 40
2311 200 16 40
2312 200 16 40
2313 200 16 40
2314 200 16 40
2315 200 16 40
2316 200 16 40
2317 200 16 40
2318 200 16 40
2319 200 16 40
2320 200 16 40
2321 200 16 40
2322 200 16 40
2323 200 16 40
2324 200 16 40
2325 200 16 40
2326 200 16 40
2327 200 16 40
2328 200 16 40
2329 200 16 40
2330 200 16 40
2331 200 16 40
2332 200 16 40
2333 200 16 40
2334 200 16 40
2335 200 16 40
2336 200 16 40
2337 200 16 40
2338 200 16 40
2339 200 16 40
2340 200 16 40
2341 200 16 40
2342 200 16 40
2343 200 16 40
2344 200 16 40
2345 200 16 40
2346 200 16 40
2347 200 16 40
2348 200 16 40
2349 200 16 40
2350 200 16 40
2351 200 16 40
2352 200 16 40
2353 200 16 40
2354 200 16 40
2355 200 16 40
2356 200 16 40
2357 200 16 40
2358 200 16 40
2359 200 16 40
2360 200 16 40
2361 200 16 40
2362 200 16 40
2363 200 16 40
2364 200 16 40
2365 200 16 40
2366 200 16 40
2367 200 16 40
2368 200 16 40
2369 200 16 40
2370 200 16 40
2371 200 16 40
2372 200 16 40
2373 200 16 40
2374 200 16 40
2375 200 16 40
2376 200 16 40
2377 200 16 40
2378 200 16 40
2379 200 16 40
2380 200 16 40
2381 200 16 40
2382 200 16 40
2383 200 16 40
2384 200 16 40
2385 200 16 40
2386 200 16 40
2387 200 16 40
2388 200 16 40
2389 200 16 40
2390 200 16 40
2391 200 16 40
2392 200 16 40
2393 200 16 40
2394 200 16 40
2395 200 16 40
2396 200 16 40
2397 200 16 40
2398 200 16 40
2399 200 16 40
2400 200 16 40
2401 20 35 60
2402 20 35 60
2403 20 35 60
2404 20 35 60
2405 20 35 60
2406 20 35 60
2407 20 35 60
2408 20 35 60
2409 20 35 60
2410 20 35 60
2411 20 35 60
2412 20 35 60
2413 20 35 60
2414 20 35 60
2415 20 35 60
2416 20 35 60
2417 20 35 60
2418 20 35 60
2419 20 35 60
2420 20 35 60
2421 20 35 60
2422 20 35 60
2423 20 35 60
2424 20 35 60
2425 20 35 60
2426 20 35 60
2427 20 35 60
2428 20 35 60
2429 20 35 60
2430 20 35 60
2431 20 35 60
2432 20 35 60
2433 20 35 60
2434 20 35 60
2435 20 35 60
2436 20 35 60
2437 20 35 60
2438 20 35 60
2439 20 35 60
2440 20 35 60
2441 20 35 60
2442 20 35 60
2443 20 35 60
2444 20 35 60
2445 20 35 60
2446 20 35 60
2447 20 35 60
2448 20 35 60
2449 20 35 60
2450 20 35 60
2451 20 35 60
2452 20 35 60
2453 20 35 60
2454 20 35 60
2455 20 35 60
2456 20 35 60
2457 20 35 60
2458 20 35 60
2459 20 35 60
2460 20 35 60
2461 20 35 60
2462 20 35 60
2463 20 35 60
2464 20 35 60
2465 20 35 60
2466 20 35 60
2467 20 35 60
2468 20 35 60
2469 20 35 60
2470 20 35 60
2471 20 35 60
2472 20 35 60
2473 20 35 40
2474 20 35 40
2475 20 35 40
2476 20 35 40
2477 20 35 40
2478 20 35 40
2479 20 35 40
2480 20 35 40
2481 20 35 40
2482 20 35 40
2483 20 35 40
2484 20 35 40
2485 20 35 40
2486 20 35 40
2487 20 35 40
2488 20 35 40
2489 20 35 40
2490 20 35 40
2491 20 35 40
2492 20 35 40
2493 20 35 40
2494 20 35 40
2495 20 35 40
2496 20 35 40
2497 20 35 40
2498 20 35 40
2499 20 35 40
2500 20 35 40
2501 20 35 40
2502 20 35 40
2503 20 35 40
2504 20 35 40
2505 20 35 40
2506 20 35 40
2507 20 35 40
2508 20 35 40
2509 20 35 40
2510 20 35 40
2511 20 35 40
2512 20 35 40
2513 20 35 40
2514 20 35 40
2515 20 35 40
2516 20 35 40
2517 20 35 40
2518 20 35 40
2519 20 35 40
2520 20 35 40
2521 20 35 40
2522 20 35 40
2523 20 35 40
2524 20 35 40
2525 20 35 40
2526 20 35 40
2527 20 35 40
2528 20 35 40
2529 20 35 40
2530 20 35 40
2531 20 35 40
2532 20 35 40
2533 20 35 40
2534 20 35 40
2535 20 35 40
2536 20 35 40
2537 20 35 40
2538 20 35 40
2539 20 35 40
2540 20 35 40
2541 20 35 40
2542 20 35 40
2543 20 35 40
2544 20 35 40
2545 20 35 40
2546 20 35 40
2547 20 35 40
2548 20 35 40
2549 20 35 40
2550 20 35 40
2551 20 35 40
2552 20 35 40
2553 20 35 40
2554 20 35 40
2555 20 35 40
2556 20 35 40
2557 20 35 40
2558 20 35 40
2559 20 35 40
2560 20 35 40
2561 20 35 40
2562 20 35 40
2563 20 35 40
2564 20 35 40
2565 20 35 40
2566 20 35 40
2567 20 35 40
2568 20 35 40
2569 20 35 40
2570 20 35 40
2571 20 35 40
2572 20 35 40
2573 20 35 40
2574 20 35 40
2575 20 35 40
2576 20 35 40
2577 20 35 40
2578 20 35 40
2579 20 35 40
2580 20 35 40
2581 60 35 60
2582 60 35 60
2583 60 35 60
2584 60 35 60
2585 60 35 60
2586 60 35 60
2587 60 35 60
2588 60 35 60
2589 60 35 60
2590 60 35 60
2591 60 35 60
2592 60 35 60
2593 60 35 60
2594 60 35 60
2595 60 35 60
2596 60 35 60
2597 60 35 60
2598 60 35 60
2599 60 35 60
2600 60 35 60
2601 60 35 60
2602 60 35 60
2603 60 35 60
2604 60 35 60
2605 60 35 60
2606 60 35 60
2607 60 35 60
2608 60 35 60
2609 60 35 60
2610 60 35 60
2611 60 35 60
2612 60 35 60
2613 60 35 60
2614 60 35 60
2615 60 35 60
2616 60 35 60
2617 60 35 60
2618 60 35 60
2619 60 35 60
2620 60 35 60
2621 60 35 60
2622 60 35 60
2623 60 35 60
2624 60 35 60
2625 60 35 60
2626 60 35 60
2627 60 35 60
2628 60 35 60
2629 60 35 60
2630 60 35 60
2631 60 35 60
2632 60 35 60
2633 60 35 60
2634 60 35 60
2635 60 35 60
2636 60 35 60
2637 60 35 60
2638 60 35 60
2639 60 35 60
2640 60 35 60
2641 60 35 60
2642 60 35 60
2643 60 35 60
2644 60 35 60
2645 60 35 60
2646 60 35 60
2647 60 35 60
2648 60 35 60
2649 60 35 60
2650 60 35 60
2651 60 35 60
2652 60 35 60
2653 60 35 60
2654 60 35 60
2655 60 35 60
2656 60 35 60
2657 60 35 60
2658 60 35 60
2659 60 35 60
2660 60 35 60
2661 60 35 60
2662 60 35 60
2663 60 35 60
2664 60 35 60
2665 60 35 60
2666 60 35 60
2667 60 35 60
2668 60 35 60
2669 60 35 60
2670 60 35 60
2671 60 35 60
2672 60 35 60
2673 60 35 60
2674 60 35 60
2675 60 35 60
2676 60 35 60
2677 60 35 60
2678 60 35 60
2679 60 35 60
2680 60 35 60
2681 60 35 60
2682 60 35 60
2683 60 35 60
2684 60 35 60
2685 60 35 60
2686 60 35 60
2687 60 35 60
2688 60 35 60
2689 60 35 60
2690 60 35 60
2691 60 35 60
2692 60 35 60
2693 60 35 60
2694 60 35 60
2695 60 35 60
2696 60 35 60
2697 60 35 60
2698 60 35 60
2699 60 35 60
2700 60 35 60
2701 60 35 40
2702 60 35 40
2703 60 35 40
2704 60 35 40
2705 60 35 40
2706 60 35 40
2707 60 35 40
2708 60 35 40
2709 60 35 40
2710 60 35 40
2711 60 35 40
2712 60 35 40
2713 60 35 40
2714 60 35 40
2715 60 35 40
2716 60 35 40
2717 60 35 40
2718 60 35 40
2719 60 35 40
2720 60 35 40
2721 60 35 40
2722 60 35 40
2723 60 35 40
2724 60 35 40
2725 60 35 40
2726 60 35 40
2727 60 35 40
2728 60 35 40
2729 60 35 40
2730 60 35 40
2731 60 35 40
2732 60 35 40
2733 60 35 40
2734 60 35 40
2735 60 35 40
2736 60 35 40
2737 60 35 40
2738 60 35 40
2739 60 35 40
2740 60 35 40
2741 60 35 40
2742 60 35 40
2743 60 35 40
2744 60 35 40
2745 60 35 40
2746 60 35 40
2747 60 35 40
2748 60 35 40
2749 60 35 40
2750 60 35 40
2751 60 35 40
2752 60 35 40
2753 60 35 40
2754 60 35 40
2755 60 35 40
2756 60 35 40
2757 60 35 40
2758 60 35 40
2759 60 35 40
2760 60 35 40
2761 60 35 40
2762 60 35 40
2763 60 35 40
2764 60 35 40
2765 60 35 40
2766 60 35 40
2767 60 35 40
2768 60 35 40
2769 60 35 40
2770 60 35 40
2771 60 35 40
2772 60 35 40
2773 60 35 40
2774 60 35 40
2775 60 35 40
2776 60 35 40
2777 60 35 40
2778 60 35 40
2779 60 35 40
2780 60 35 40
2781 60 35 40
2782 60 35 40
2783 60 35 40
2784 60 35 40
2785 60 35 40
2786 60 35 40
2787 60 35 40
2788 60 35 40
2789 60 35 40
2790 60 35 40
2791 60 35 40
2792 60 35 40
2793 60 35 40
2794 60 35 40
2795 60 35 40
2796 60 35 40
2797 60 35 40
2798 60 35 40
2799 60 35 40
2800 60 35 40
2801 60 35 40
2802 60 35 40
2803 60 35 40
2804 60 35 40
2805 60 35 40
2806 60 35 40
2807 60 35 40
2808 60 35 40
2809 60 35 40
2810 60 35 40
2811 60 35 40
2812 60 35 40
2813 60 35 40
2814 60 35 40
2815 60 35 40
2816 60 35 40
2817 60 35 40
2818 60 35 40
2819 60 35 40
2820 60 35 40
2821 60 35 40
2822 60 35 40
2823 60 35 40
2824 60 35 40
2825 60 35 40
2826 60 35 40
2827 60 35 40
2828 60 35 40
2829 60 35 40
2830 60 35 40
2831 60 35 40
2832 60 35 40
2833 60 35 40
2834 60 35 40
2835 60 35 40
2836 60 35 40
2837 60 35 40
2838 60 35 40
2839 60 35 40
2840 60 35 40
2841 60 35 40
2842 60 35 40
2843 60 35 40
2844 60 35 40
2845 60 35 40
2846 60 35 40
2847 60 35 40
2848 60 35 40
2849 60 35 40
2850 60 35 40
2851 60 35 40
2852 60 35 40
2853 60 35 40
2854 60 35 40
2855 60 35 40
2856 60 35 40
2857 60 35 40
2858 60 35 40
2859 60 35 40
2860 60 35 40
2861 60 35 40
2862 60 35 40
2863 60 35 40
2864 60 35 40
2865 60 35 40
2866 60 35 40
2867 60 35 40
2868 60 35 40
2869 60 35 40
2870 60 35 40
2871 60 35 40
2872 60 35 40
2873 60 35 40
2874 60 35 40
2875 60 35 40
2876 60 35 40
2877 60 35 40
2878 60 35 40
2879 60 35 40
2880 60 35 40
2881 200 35 60
2882 200 35 60
2883 200 35 60
2884 200 35 60
2885 200 35 60
2886 200 35 60
2887 200 35 60
2888 200 35 60
2889 200 35 60
2890 200 35 60
2891 200 35 60
2892 200 35 60
2893 200 35 60
2894 200 35 60
2895 200 35 60
2896 200 35 60
2897 200 35 60
2898 200 35 60
2899 200 35 60
2900 200 35 60
2901 200 35 60
2902 200 35 60
2903 200 35 60
2904 200 35 60
2905 200 35 60
2906 200 35 60
2907 200 35 60
2908 200 35 60
2909 200 35 60
2910 200 35 60
2911 200 35 60
2912 200 35 60
2913 200 35 60
2914 200 35 60
2915 200 35 60
2916 200 35 60
2917 200 35 60
2918 200 35 60
2919 200 35 60
2920 200 35 60
2921 200 35 60
2922 200 35 60
2923 200 35 60
2924 200 35 60
2925 200 35 60
2926 200 35 60
2927 200 35 60
2928 200 35 60
2929 200 35 40
2930 200 35 40
2931 200 35 40
2932 200 35 40
2933 200 35 40
2934 200 35 40
2935 200 35 40
2936 200 35 40
2937 200 35 40
2938 200 35 40
2939 200 35 40
2940 200 35 40
2941 200 35 40
2942 200 35 40
2943 200 35 40
2944 200 35 40
2945 200 35 40
2946 200 35 40
2947 200 35 40
2948 200 35 40
2949 200 35 40
2950 200 35 40
2951 200 35 40
2952 200 35 40
2953 200 35 40
2954 200 35 40
2955 200 35 40
2956 200 35 40
2957 200 35 40
2958 200 35 40
2959 200 35 40
2960 200 35 40
2961 200 35 40
2962 200 35 40
2963 200 35 40
2964 200 35 40
2965 200 35 40
2966 200 35 40
2967 200 35 40
2968 200 35 40
2969 200 35 40
2970 200 35 40
2971 200 35 40
2972 200 35 40
2973 200 35 40
2974 200 35 40
2975 200 35 40
2976 200 35 40
2977 200 35 40
2978 200 35 40
2979 200 35 40
2980 200 35 40
2981 200 35 40
2982 200 35 40
2983 200 35 40
2984 200 35 40
2985 200 35 40
2986 200 35 40
2987 200 35 40
2988 200 35 40
2989 200 35 40
2990 200 35 40
2991 200 35 40
2992 200 35 40
2993 200 35 40
2994 200 35 40
2995 200 35 40
2996 200 35 40
2997 200 35 40
2998 200 35 40
2999 200 35 40
3000 200 35 40
